image_width: 640
image_height: 480
camera_name: logi720
camera_matrix:
  rows: 3
  cols: 3
  data: [949.609149, 0.000000, 351.997350, 0.000000, 948.044361, 226.157266, 0.000000, 0.000000, 1.000000]
distortion_model: plumb_bob
distortion_coefficients:
  rows: 1
  cols: 5
  data: [0.084040, 0.001429, -0.010484, 0.014006, 0.000000]
rectification_matrix:
  rows: 3
  cols: 3
  data: [1.000000, 0.000000, 0.000000, 0.000000, 1.000000, 0.000000, 0.000000, 0.000000, 1.000000]
projection_matrix:
  rows: 3
  cols: 4
  data: [963.191833, 0.000000, 355.810809, 0.000000, 0.000000, 964.788696, 223.183886, 0.000000, 0.000000, 0.000000, 1.000000, 0.000000]
