image_width: 640
image_height: 480
camera_name: econ640
camera_matrix:
  rows: 3
  cols: 3
  data: [610.095888, 0.000000, 309.213858, 0.000000, 609.716707, 222.873189, 0.000000, 0.000000, 1.000000]
distortion_model: plumb_bob
distortion_coefficients:
  rows: 1
  cols: 5
  data: [0.074178, -0.062669, -0.006467, -0.008340, 0.000000]
rectification_matrix:
  rows: 3
  cols: 3
  data: [1.000000, 0.000000, 0.000000, 0.000000, 1.000000, 0.000000, 0.000000, 0.000000, 1.000000]
projection_matrix:
  rows: 3
  cols: 4
  data: [622.976440, 0.000000, 304.314800, 0.000000, 0.000000, 624.450806, 219.898653, 0.000000, 0.000000, 0.000000, 1.000000, 0.000000]